CBDHC0004A	35	3860	2
CBDHC0005A	36	3995	2
CBDHC0006A	25	3352	1
CBDHC0007A	37	3964	2
CBDHC0008A	51	4182	1
CBDHC0009A	34	4232	2
CBDHC0011A	33	3998	2
CBDHC0012A	30	3782	2
CBDHC0013A	32	4049	1
CBDHC0014A	37	3802	1
CBDHC0015A	51	3511	1
CBDHC0017A	47	3998	2
CBDHC0018A	33	3951	1
CBDHC0019A	51	3918	1
CBDHC0020A	34	4014	1
CBDHC0022A	41	3286	2
CBDHC0024A	31	3509	1
CBDHC0025A	42	3350	1
CBDHC0027A	40	3079	2
CBDHC0028A	38	3625	1
CBDHC0029A	53	3583	2
CBDHC0030A	39	3769	2
CBDHC0036A	32	3332	1
CBDHC0037A	39	3782	1
CBDHC0045A	34	4475	1
CBDHC0048A	33	3319	1
CBDHC0049A	28	3406	2
CBDHC0051A	37	3313	2
CBDHC0052A	29	3799	1
CBDHC0055A	38	3958	1
CBDHC0061A	35	4287	2
CBDHC0066A	36	3471	1
CBDHC0068A	42	3033	2
CBDHC0073A	38	3278	2
CBDHC0082A	28	3717	1
CBDHC0087A	36	4728	2
CBDHC0094A	35	3506	2
CBDHC0096A	51	3311	2
CBDHC0101A	36	2993	1
CBDHC0103A	32	3784	1
CBDHC0104A	33	3707	1
CBDHC0107A	30	3519	1
CBDHC0109A	58	3035	2
CBDHC0110A	38	3198	1
CBDHC0112A	33	3433	2
CBDHC0114A	47	3145	1
CBDHC0115A	34	3646	2
CBDHC0116A	40	3477	1
CBDHC0117A	34	3983	1
CBDHC0120A	39	3978	1
CBDHC0121A	49	3507	2
CBDHC0122A	33	3674	1
CBDHC0125A	41	4035	2
CBDHC0127A	42	3707	1
CBDHC0128A	13	3731	1
CBDHC0129A	44	4352	2
CBDHC0130A	50	3734	2
CBDHC0131A	44	3596	1
CBDHC0133A	29	3412	1
CBDHC0134A	44	3550	2
CBDHC0137A	40	3357	1
CBDHC0138A	38	3455	2
CBDHC0140A	36	3651	2
CBDPC0001A	47	4157	1
CBDPC0002A	35	4186	1
CBDPC0004A	51	3528	1
CBDPC0005A	42	4154	1
CBDPC0007A	37	3650	2
CBDPC0009A	40	4132	1
CBDPC0010A	34	4142	2
CBDPC0011A	42	3356	1
CBDPC0012A	46	3860	1
CBDPC0013A	42	3707	1
CBDPC0015A	40	3056	2
CBDPC0016A	43	2983	2
CBDPC0017A	37	4359	2
CBDPC0018A	38	4363	2
CBDPC0019A	45	3472	1
CBDPC0020A	35	2958	1
CBDPC0021A	37	3242	2
CBDPC0022A	39	3579	2
CBDPC0023A	38	3776	2
CBDPC0025A	32	3293	2
CBDPC0027A	40	3196	1
CBDPC0028A	34	3422	2
CBDPC0030A	40	3315	2
CBDPC0033A	38	3687	2
CBDPC0040A	31	4029	1
CBDPC0041A	44	3310	1
CBDPC0042A	38	3797	2
CBDPC0043A	44	3869	2
CBDPC0044A	36	3318	2
CBDPC0045A	37	3277	1
CBDPC0048A	40	3213	2
CBDPC0050A	48	3129	1
CBDPC0053A	35	3491	2
CBDPC0056A	34	3819	2
CBDPC0057A	54	3621	1
CBDPC0059A	42	3105	1
CBDPC0060A	39	3629	2
CBDPC0061A	44	4200	1
CBDPC0063A	32	3085	2
CBDPC0065A	38	3008	2
CBDPC0066A	41	3459	2
CBDPC0067A	38	4046	2
CBDPC0068A	47	4182	2
CBDPC0071A	32	3802	2
CBDPC0072A	34	3111	1
CBDPC0073A	33	3719	2
CBDPC0074A	30	3035	1
CBDPC0075A	39	2968	1
CBDPC0077A	22	3693	1
CBDPC0079A	30	3819	1
CBDPC0081A	38	2981	2
CBDPC0082A	50	3396	2
CBDPC0083A	30	3115	1
CBDPC0084A	36	3120	2
CBDPC0086A	42	3847	2
CBDPC0088A	49	3265	2
CBDPC0089A	43	3026	1
CBDPC0092A	31	3832	2
CBDPC0094A	35	3395	1
CBDPC0095A	39	3011	1
CBDPC0096A	36	4185	2
CBDPC0097A	37	2969	2
CBDPC0101A	46	3961	1
CBDPC0103A	32	3194	1
CBDPC0107A	51	4300	2
CBDPC0108A	47	3050	2
CBDPC0110A	42	3184	2
CBDPC0111A	30	3321	2
CBDPC0112A	44	3473	2
CBDPC0115A	54	3349	2
CBDPC0116A	39	3188	2
CBDPC0117A	34	3312	1
CBDPC0119A	35	4231	2
CBDPC0123A	41	3085	1
CBDPC0127A	30	3077	1
CBDPC0128A	35	3916	1
CBDPC0132A	41	3104	1
CBDPC0136A	39	3088	1
CBDPC0137A	30	4109	1
CBDPC0142A	29	4174	1
CBDPC0143A	31	3272	2
CBDPC0145A	34	3202	1
CBDPC0146A	42	3935	1
CBDPC0147A	29	3786	1
CBDPC0151A	44	3102	2
CBDPC0157A	30	3306	1
CBDPC0158A	37	3262	1
CBDPC0159A	49	3216	2
CBDPC0161A	45	3627	2
CBDPC0163A	37	4076	2
CBDPC0165A	35	3782	2
CBDPC0172A	28	4040	1
CBDPC0175A	33	3304	2
CBDPC0179A	45	3101	2
CBDPC0180A	40	4099	1
CBDPC0181A	34	3596	2
CBDPC0185A	31	3154	1
CBDPC0186A	60	4046	2
CBDPC0188A	30	3109	1
CBDPC0191A	30	4015	2
CBDPC0195A	31	3109	1
CBDPC0196A	30	3187	2
CBDPC0198A	31	3184	1
CBDPC0200A	47	3391	1
CBDPC0201A	35	3450	1
CBDPC0202A	40	3418	2
CBDPC0203A	50	3485	1
CBDPC0204A	44	3473	2
CBDPC0205A	34	3422	2
CBDPC0206A	29	3354	2
CBDPC0209A	33	3300	2
CBDPC0211A	53	3689	1
CBDPC0212A	42	3317	1
CBDPC0217A	44	3155	2
CBDPC0219A	51	3441	2
CBDPC0220A	27	3272	1
CBDPC0221A	39	3540	2
CBDPC0222A	26	3141	2
CBDPC0224A	29	3771	2
CBDPC0232A	45	3458	2
CBDPC0233A	45	3453	2
CBDPC0237A	53	3270	2
CBDPC0240A	40	3671	1
CBDPC0242A	40	3999	2
CBDPC0243A	45	3588	2
CBDPC0244A	41	3439	1
CBDPC0247A	35	3537	1
CBDPC0248A	39	3537	1
CBDPC0251A	30	3224	1
CBDPC0253A	34	3884	1
CBDPC0256A	31	3427	1
CBDPC0259A	35	3350	2
CBDPC0262A	34	3457	2
CBDPC0265A	34	3144	1
CBDPC0270A	36	4489	1
CBDPC0272A	34	3342	1
CBDPC0274A	33	3890	1
CBDPC0282A	38	3691	1
CBDPC0283A	34	3878	2
CBDPC0287A	39	3571	1
CBDPC0289A	42	4480	2
CBDPC0290A	38	3456	1
CBDPC0293A	40	4734	1
CBDPC0294A	47	3314	1
CBDPC0297A	42	3712	2
CBDPC0299A	30	3580	1
CBDPC0300A	44	3625	1
CBDPC0301A	31	3428	1
CBDPC0309A	31	3410	2
CBDPC0313A	35	3421	1
CBDPC0314A	39	3217	1
CBDPC0316A	49	3279	2
CBDPC0318A	38	3959	1
CBDPC0319A	44	3698	1
CBDPC0320A	40	3771	1
CBDPC0321A	35	3595	1
CBDPC0323A	38	3486	1
CBDPC0324A	35	3408	2
CBDPC0326A	34	3687	2
CBDPC0327A	41	3782	1
CBDPC0329A	32	3618	2
CBDPC0331A	48	3830	1
CBDPC0334A	44	3928	2
CBDPC0335A	39	3718	2
CBDPC0336A	34	4067	1
CBDPC0340A	25	3413	1
CBDPC0342A	43	4211	2
CBDPC0344A	42	3177	2
CBDPC0349A	30	4380	1
CBDPC0351A	32	3384	2
CBDPC0352A	30	3477	2
CBDPC0354A	36	4018	2
CBDPC0357A	34	4383	1
CBDPC0358A	53	4279	1
CBDPC0359A	33	3791	2
CBDPC0360A	30	3791	2
CBDPC0362A	42	3894	2
CBDPC0364A	35	4489	1
CBDPC0365A	49	4269	2
CBDPC0371A	38	4354	1
CBDPC0374A	40	4013	1
CBDPC0375A	43	3832	1
CBDPC0380A	34	3282	1
CBDPC0381A	44	3502	1
CBDPC0383A	31	3619	2
CBDPC0388A	46	3652	1
CBDPC0389A	38	3342	1
CBDPC0390A	40	4017	2
CBDPC0393A	48	4039	2
CBDPC0395A	46	4074	1
CBDPC0398A	32	3080	1
CBDPC0399A	44	3885	2
CBDPC0400A	40	3860	2
CBDPC0401A	30	4119	1
CBDPC0404A	49	4111	2
CBDPC0405A	46	3997	1
CBDPC0406A	42	4092	1
CBDPC0407A	47	4076	1
CBDPC0408A	29	3263	1
CBDPC0411A	37	3249	1
CBDPC0415A	44	4143	1
CBDPC0418A	36	3630	1
CBDPC0423A	47	3353	1
CBDPC0424A	41	3592	1
CBDPC0426A	46	3373	1
CBDPC0427A	45	3790	1
CBDPC0428A	40	3624	1
CBDPC0429A	36	3612	2
CBDPC0430A	50	3186	1
CBDPC0431A	34	3754	2
CBDPC0434A	27	3284	1
CBDPC0438A	38	3273	2
CBDPC0440A	42	3450	1
CBDPC0443A	38	3445	2
CBDPC0444A	51	3650	1
CBDPC0447A	37	3429	1
CBDPC0448A	46	3747	1
CBDPC0449A	32	3479	2
CBDPC0450A	36	3390	1
CBDPC0453A	47	3567	1
CBDPC0454A	30	3301	1
CBDPC0455A	33	3711	1
CBDPC0456A	41	3264	1
CBDPC0459A	36	3671	2
CBDPC0463A	34	3313	2
CBDPC0466A	50	3529	1
CBDPC0467A	37	3159	2
CBDPC0470A	36	3693	1
CBDPC0475A	27	3533	2
CBDPC0477A	27	3156	2
CBDPC0478A	34	3376	2
CBDPC0479A	46	3376	2
CBDPC0481A	30	3726	2
CBDPC0482A	37	3693	2
CBDPC0483A	39	3180	1
CBDPC0488A	46	3478	1
CBDPC0489A	48	3454	2
CBDPC0494A	41	3654	2
CBDPC0495A	51	3545	1
CBDPC0496A	32	3687	2
CBDPC0497A	47	3699	1
CBDPC0501A	33	3317	1
CBDPC0502A	31	4234	1