CBDHC0004A	35	1.383693	3860	2
CBDHC0005A	36	0.869947	3995	2
CBDHC0006A	25	0.978258	3352	1
CBDHC0007A	37	0.148027	3964	2
CBDHC0008A	51	1.548275	4182	1
CBDHC0009A	34	0.543648	4232	2
CBDHC0011A	33	0.253958	3998	2
CBDHC0012A	30	1.359837	3782	2
CBDHC0013A	32	-1.31256	4049	1
CBDHC0014A	37	1.3679	3802	1
CBDHC0015A	51	0.366179	3511	1
CBDHC0017A	47	-0.07012	3998	2
CBDHC0018A	33	-0.32834	3951	1
CBDHC0019A	51	0.051807	3918	1
CBDHC0020A	34	0.735968	4014	1
CBDHC0022A	41	-0.88062	3286	2
CBDHC0024A	31	0.644859	3509	1
CBDHC0025A	42	0.443673	3350	1
CBDHC0027A	40	0.517824	3079	2
CBDHC0028A	38	1.434067	3625	1
CBDHC0029A	53	1.093237	3583	2
CBDHC0030A	39	1.921077	3769	2
CBDHC0036A	32	0.454617	3332	1
CBDHC0037A	39	-0.13375	3782	1
CBDHC0045A	34	1.211546	4475	1
CBDHC0048A	33	0.407075	3319	1
CBDHC0049A	28	0.808653	3406	2
CBDHC0051A	37	0.291582	3313	2
CBDHC0052A	29	0.654621	3799	1
CBDHC0055A	38	-0.50699	3958	1
CBDHC0061A	35	1.766008	4287	2
CBDHC0066A	36	1.322345	3471	1
CBDHC0068A	42	1.664057	3033	2
CBDHC0073A	38	0.79763	3278	2
CBDHC0082A	28	1.295171	3717	1
CBDHC0087A	36	0.316656	4728	2
CBDHC0094A	35	0.675781	3506	2
CBDHC0096A	51	-0.12934	3311	2
CBDHC0101A	36	0.305532	2993	1
CBDHC0103A	32	0.399924	3784	1
CBDHC0104A	33	-0.28257	3707	1
CBDHC0107A	30	0.798086	3519	1
CBDHC0109A	58	1.141661	3035	2
CBDHC0110A	38	0.458967	3198	1
CBDHC0112A	33	0.529185	3433	2
CBDHC0114A	47	0.592627	3145	1
CBDHC0115A	34	-0.36985	3646	2
CBDHC0116A	40	1.29745	3477	1
CBDHC0117A	34	1.132534	3983	1
CBDHC0120A	39	0.982912	3978	1
CBDHC0121A	49	1.123658	3507	2
CBDHC0122A	33	0.736843	3674	1
CBDHC0125A	41	2.006728	4035	2
CBDHC0127A	42	0.390643	3707	1
CBDHC0128A	13	0.186602	3731	1
CBDHC0129A	44	0.637736	4352	2
CBDHC0130A	50	1.458277	3734	2
CBDHC0131A	44	0.774679	3596	1
CBDHC0133A	29	-0.06944	3412	1
CBDHC0134A	44	-0.1458	3550	2
CBDHC0137A	40	1.077961	3357	1
CBDHC0138A	38	1.014312	3455	2
CBDHC0140A	36	0.924515	3651	2
CBDPC0001A	47	1.016859	4157	1
CBDPC0002A	35	0.527645	4186	1
CBDPC0004A	51	0.948022	3528	1
CBDPC0005A	42	1.76408	4154	1
CBDPC0007A	37	1.363253	3650	2
CBDPC0009A	40	1.538306	4132	1
CBDPC0010A	34	1.119068	4142	2
CBDPC0011A	42	-0.17261	3356	1
CBDPC0012A	46	0.772258	3860	1
CBDPC0013A	42	1.226149	3707	1
CBDPC0015A	40	1.056834	3056	2
CBDPC0016A	43	0.779002	2983	2
CBDPC0017A	37	1.042507	4359	2
CBDPC0018A	38	1.14306	4363	2
CBDPC0019A	45	1.087636	3472	1
CBDPC0020A	35	0.049016	2958	1
CBDPC0021A	37	-0.10231	3242	2
CBDPC0022A	39	1.204895	3579	2
CBDPC0023A	38	1.219067	3776	2
CBDPC0025A	32	1.359013	3293	2
CBDPC0027A	40	1.591199	3196	1
CBDPC0028A	34	0.434567	3422	2
CBDPC0030A	40	1.06446	3315	2
CBDPC0033A	38	1.165049	3687	2
CBDPC0040A	31	-0.05202	4029	1
CBDPC0041A	44	1.198155	3310	1
CBDPC0042A	38	1.239262	3797	2
CBDPC0043A	44	-0.21254	3869	2
CBDPC0044A	36	1.940628	3318	2
CBDPC0045A	37	2.279122	3277	1
CBDPC0048A	40	0.99694	3213	2
CBDPC0050A	48	1.103152	3129	1
CBDPC0053A	35	0.09053	3491	2
CBDPC0056A	34	1.313191	3819	2
CBDPC0057A	54	0.726978	3621	1
CBDPC0059A	42	1.192475	3105	1
CBDPC0060A	39	0.614278	3629	2
CBDPC0061A	44	2.10817	4200	1
CBDPC0063A	32	0.715679	3085	2
CBDPC0065A	38	0.804012	3008	2
CBDPC0066A	41	0.506236	3459	2
CBDPC0067A	38	1.214317	4046	2
CBDPC0068A	47	1.23969	4182	2
CBDPC0071A	32	1.08396	3802	2
CBDPC0072A	34	1.031612	3111	1
CBDPC0073A	33	0.884409	3719	2
CBDPC0074A	30	0.974974	3035	1
CBDPC0075A	39	1.005478	2968	1
CBDPC0077A	22	0.64087	3693	1
CBDPC0079A	30	-0.33272	3819	1
CBDPC0081A	38	0.854587	2981	2
CBDPC0082A	50	1.044649	3396	2
CBDPC0083A	30	0.80319	3115	1
CBDPC0084A	36	0.533369	3120	2
CBDPC0086A	42	1.218855	3847	2
CBDPC0088A	49	1.831681	3265	2
CBDPC0089A	43	0.398023	3026	1
CBDPC0092A	31	1.324606	3832	2
CBDPC0094A	35	0.418781	3395	1
CBDPC0095A	39	0.529879	3011	1
CBDPC0096A	36	2.051124	4185	2
CBDPC0097A	37	0.420474	2969	2
CBDPC0101A	46	1.554634	3961	1
CBDPC0103A	32	0.407107	3194	1
CBDPC0107A	51	1.821007	4300	2
CBDPC0108A	47	0.593978	3050	2
CBDPC0110A	42	1.306898	3184	2
CBDPC0111A	30	0.769124	3321	2
CBDPC0112A	44	1.036554	3473	2
CBDPC0115A	54	1.045657	3349	2
CBDPC0116A	39	1.115277	3188	2
CBDPC0117A	34	0.120088	3312	1
CBDPC0119A	35	1.114346	4231	2
CBDPC0123A	41	0.990892	3085	1
CBDPC0127A	30	-0.07478	3077	1
CBDPC0128A	35	0.050618	3916	1
CBDPC0132A	41	1.076134	3104	1
CBDPC0136A	39	0.266622	3088	1
CBDPC0137A	30	1.143352	4109	1
CBDPC0142A	29	0.522234	4174	1
CBDPC0143A	31	1.891533	3272	2
CBDPC0145A	34	0.885964	3202	1
CBDPC0146A	42	0.631967	3935	1
CBDPC0147A	29	0.777603	3786	1
CBDPC0151A	44	0.327427	3102	2
CBDPC0157A	30	0.6017	3306	1
CBDPC0158A	37	0.699519	3262	1
CBDPC0159A	49	-0.07347	3216	2
CBDPC0161A	45	2.11177	3627	2
CBDPC0163A	37	0.818193	4076	2
CBDPC0165A	35	0.534595	3782	2
CBDPC0172A	28	0.04028	4040	1
CBDPC0175A	33	0.265819	3304	2
CBDPC0179A	45	-0.92641	3101	2
CBDPC0180A	40	1.050518	4099	1
CBDPC0181A	34	1.669185	3596	2
CBDPC0185A	31	0.920551	3154	1
CBDPC0186A	60	0.751165	4046	2
CBDPC0188A	30	-0.19191	3109	1
CBDPC0191A	30	1.142425	4015	2
CBDPC0195A	31	-0.06878	3109	1
CBDPC0196A	30	-0.19808	3187	2
CBDPC0198A	31	0.646883	3184	1
CBDPC0200A	47	0.806641	3391	1
CBDPC0201A	35	1.104094	3450	1
CBDPC0202A	40	1.200654	3418	2
CBDPC0203A	50	0.509128	3485	1
CBDPC0204A	44	0.183966	3473	2
CBDPC0205A	34	0.481014	3422	2
CBDPC0206A	29	1.147513	3354	2
CBDPC0209A	33	1.097255	3300	2
CBDPC0211A	53	1.240105	3689	1
CBDPC0212A	42	0.994287	3317	1
CBDPC0217A	44	1.22766	3155	2
CBDPC0219A	51	1.665069	3441	2
CBDPC0220A	27	0.54952	3272	1
CBDPC0221A	39	-0.3121	3540	2
CBDPC0222A	26	1.280994	3141	2
CBDPC0224A	29	0.091413	3771	2
CBDPC0232A	45	1.105101	3458	2
CBDPC0233A	45	0.826313	3453	2
CBDPC0237A	53	1.643494	3270	2
CBDPC0240A	40	0.989496	3671	1
CBDPC0242A	40	1.582121	3999	2
CBDPC0243A	45	0.956363	3588	2
CBDPC0244A	41	1.057873	3439	1
CBDPC0247A	35	1.645291	3537	1
CBDPC0248A	39	0.500871	3537	1
CBDPC0251A	30	1.154424	3224	1
CBDPC0253A	34	1.484796	3884	1
CBDPC0256A	31	1.391827	3427	1
CBDPC0259A	35	0.385144	3350	2
CBDPC0262A	34	1.184168	3457	2
CBDPC0265A	34	0.749102	3144	1
CBDPC0270A	36	1.367387	4489	1
CBDPC0272A	34	0.318458	3342	1
CBDPC0274A	33	1.091097	3890	1
CBDPC0282A	38	0.389479	3691	1
CBDPC0283A	34	1.117743	3878	2
CBDPC0287A	39	1.408215	3571	1
CBDPC0289A	42	1.427057	4480	2
CBDPC0290A	38	1.56887	3456	1
CBDPC0293A	40	0.634394	4734	1
CBDPC0294A	47	0.510634	3314	1
CBDPC0297A	42	1.006766	3712	2
CBDPC0299A	30	0.826092	3580	1
CBDPC0300A	44	0.857944	3625	1
CBDPC0301A	31	0.776834	3428	1
CBDPC0309A	31	-0.07774	3410	2
CBDPC0313A	35	1.457064	3421	1
CBDPC0314A	39	1.222604	3217	1
CBDPC0316A	49	1.174425	3279	2
CBDPC0318A	38	1.599062	3959	1
CBDPC0319A	44	0.705614	3698	1
CBDPC0320A	40	0.261261	3771	1
CBDPC0321A	35	0.806471	3595	1
CBDPC0323A	38	-0.42566	3486	1
CBDPC0324A	35	-0.25999	3408	2
CBDPC0326A	34	1.246733	3687	2
CBDPC0327A	41	1.656445	3782	1
CBDPC0329A	32	1.299644	3618	2
CBDPC0331A	48	1.225349	3830	1
CBDPC0334A	44	0.29893	3928	2
CBDPC0335A	39	0.495644	3718	2
CBDPC0336A	34	0.93328	4067	1
CBDPC0340A	25	-0.33935	3413	1
CBDPC0342A	43	0.346995	4211	2
CBDPC0344A	42	1.12554	3177	2
CBDPC0349A	30	0.986669	4380	1
CBDPC0351A	32	0.037482	3384	2
CBDPC0352A	30	0.755524	3477	2
CBDPC0354A	36	1.082985	4018	2
CBDPC0357A	34	0.220298	4383	1
CBDPC0358A	53	1.481893	4279	1
CBDPC0359A	33	0.59374	3791	2
CBDPC0360A	30	0.924583	3791	2
CBDPC0362A	42	0.613435	3894	2
CBDPC0364A	35	0.417558	4489	1
CBDPC0365A	49	1.060345	4269	2
CBDPC0371A	38	1.531027	4354	1
CBDPC0374A	40	1.241644	4013	1
CBDPC0375A	43	1.090174	3832	1
CBDPC0380A	34	0.411048	3282	1
CBDPC0381A	44	0.388338	3502	1
CBDPC0383A	31	1.162019	3619	2
CBDPC0388A	46	-0.16481	3652	1
CBDPC0389A	38	0.909859	3342	1
CBDPC0390A	40	1.992274	4017	2
CBDPC0393A	48	1.424292	4039	2
CBDPC0395A	46	-0.05022	4074	1
CBDPC0398A	32	0.804674	3080	1
CBDPC0399A	44	0.951938	3885	2
CBDPC0400A	40	0.196136	3860	2
CBDPC0401A	30	0.041695	4119	1
CBDPC0404A	49	1.602698	4111	2
CBDPC0405A	46	1.686569	3997	1
CBDPC0406A	42	2.26887	4092	1
CBDPC0407A	47	0.350055	4076	1
CBDPC0408A	29	0.141856	3263	1
CBDPC0411A	37	1.280688	3249	1
CBDPC0415A	44	0.076677	4143	1
CBDPC0418A	36	1.301886	3630	1
CBDPC0423A	47	1.487025	3353	1
CBDPC0424A	41	0.590816	3592	1
CBDPC0426A	46	0.372036	3373	1
CBDPC0427A	45	1.486546	3790	1
CBDPC0428A	40	0.712036	3624	1
CBDPC0429A	36	0.713814	3612	2
CBDPC0430A	50	1.299186	3186	1
CBDPC0431A	34	1.058059	3754	2
CBDPC0434A	27	1.079159	3284	1
CBDPC0438A	38	-0.09927	3273	2
CBDPC0440A	42	1.508516	3450	1
CBDPC0443A	38	1.686848	3445	2
CBDPC0444A	51	0.88074	3650	1
CBDPC0447A	37	0.208316	3429	1
CBDPC0448A	46	1.178624	3747	1
CBDPC0449A	32	1.105837	3479	2
CBDPC0450A	36	1.063667	3390	1
CBDPC0453A	47	1.506208	3567	1
CBDPC0454A	30	1.053855	3301	1
CBDPC0455A	33	0.154649	3711	1
CBDPC0456A	41	-0.16623	3264	1
CBDPC0459A	36	0.556627	3671	2
CBDPC0463A	34	1.392938	3313	2
CBDPC0466A	50	1.016937	3529	1
CBDPC0467A	37	-0.30529	3159	2
CBDPC0470A	36	0.980891	3693	1
CBDPC0475A	27	-0.14851	3533	2
CBDPC0477A	27	0.529506	3156	2
CBDPC0478A	34	0.668682	3376	2
CBDPC0479A	46	-0.10026	3376	2
CBDPC0481A	30	0.520081	3726	2
CBDPC0482A	37	-0.51962	3693	2
CBDPC0483A	39	0.397732	3180	1
CBDPC0488A	46	1.070298	3478	1
CBDPC0489A	48	0.591442	3454	2
CBDPC0494A	41	0.89811	3654	2
CBDPC0495A	51	0.623597	3545	1
CBDPC0496A	32	1.168143	3687	2
CBDPC0497A	47	0.25652	3699	1
CBDPC0501A	33	1.262659	3317	1
CBDPC0502A	31	0.701308	4234	1